timestamp,r11,r12,r13,t1,r21,r22,r23,t2,r31,r32,r33,t3,ObjectID,X_3D,Y_3D,Z_3D,Height_3D,Width_3D,Depth,Velocity
0,1,0,0,0,0,1,0,0,0,0,1,0,1,-4.33839390127761,0.826921733903706,13.1722088311688,1.50892687580425,2.30996213086082,13.1722088311688,0
0,1,0,0,0,0,1,0,0,0,0,1,0,6,-13.1584526806768,-0.647350121319569,126.78251,3.40672842484817,5.55834637738385,126.78251,0
0,1,0,0,0,0,1,0,0,0,0,1,0,8,7.67457632181285,0.023672182143298,8.85816663755459,1.05231969731003,0.288135155215841,8.85816663755459,0
0,1,0,0,0,0,1,0,0,0,0,1,0,5,2.73361287821457,0.534590325603913,13.5535868151448,1.61011944777726,0.709219280568555,13.5535868151448,0
0,1,0,0,0,0,1,0,0,0,0,1,0,2,1.08575027348293,0.54515694813699,19.3807658598726,1.53491216996176,1.83641277477568,19.3807658598726,0
0,1,0,0,0,0,1,0,0,0,0,1,0,7,0.113514257641659,0.378888981011267,25.786273220339,2.00574554897394,1.53166023739828,25.786273220339,0
0,1,0,0,0,0,1,0,0,0,0,1,0,4,3.86728658941838,0.8412163663326,9.09650295964126,1.24787408906404,1.86537879293079,9.09650295964126,0
0,1,0,0,0,0,1,0,0,0,0,1,0,3,-6.14912256438687,0.348050077709418,38.5162055696203,1.47072619540414,2.39673898510304,38.5162055696203,0
0.1038752,0.999978721,0.000361846,-0.006516571,-0.007776582,-0.000359798,0.999999881,0.000315446,0.000402791,0.006516685,-0.000313094,0.999978721,0.092416734,3,-5.90400153181952,0.293578737138894,38.5162055696203,1.36178351426309,2.34226764453252,38.5162055696203,2.41732841928721
0.1038752,0.999978721,0.000361846,-0.006516571,-0.007776582,-0.000359798,0.999999881,0.000315446,0.000402791,0.006516685,-0.000313094,0.999978721,0.092416734,7,0.17814699766687,0.222639320963919,24.6378966801619,2.05579691011507,1.60282470958124,24.6378966801619,11.1745477623181
0.1038752,0.999978721,0.000361846,-0.006516571,-0.007776582,-0.000359798,0.999999881,0.000315446,0.000402791,0.006516685,-0.000313094,0.999978721,0.092416734,4,3.93654308335878,0.85543759984778,8.97575292035398,1.20592156631794,1.8533110387623,8.97575292035398,1.34705850121892
0.1038752,0.999978721,0.000361846,-0.006516571,-0.007776582,-0.000359798,0.999999881,0.000315446,0.000402791,0.006516685,-0.000313094,0.999978721,0.092416734,5,2.78491466166394,0.485588614824,13.5234677333333,1.47266295417998,0.669392251899991,13.5234677333333,0.741973938255901
0.1038752,0.999978721,0.000361846,-0.006516571,-0.007776582,-0.000359798,0.999999881,0.000315446,0.000402791,0.006516685,-0.000313094,0.999978721,0.092416734,2,1.16426984540974,0.543426291158778,19.3192396190476,1.58468369837549,1.93987142387344,19.3192396190476,0.960467135891716
0.1038752,0.999978721,0.000361846,-0.006516571,-0.007776582,-0.000359798,0.999999881,0.000315446,0.000402791,0.006516685,-0.000313094,0.999978721,0.092416734,6,-11.6343899642974,-0.109445633185648,126.78251,3.76533141693745,6.81345684969633,126.78251,15.5590732377977
0.1038752,0.999978721,0.000361846,-0.006516571,-0.007776582,-0.000359798,0.999999881,0.000315446,0.000402791,0.006516685,-0.000313094,0.999978721,0.092416734,1,-4.21840882704007,0.797930276182413,13.0033343589744,1.45280186538734,2.261957334717,13.0033343589744,2.01374512573596
0.2078941,0.999906957,0.001123244,-0.013594908,-0.016596172,-0.001120616,0.999999344,0.00020096,-0.001055518,0.013595125,-0.000185706,0.999907553,0.193190977,7,0.404060508119055,0.379939036158146,23.5874437209302,1.96814665425745,1.53448722196343,23.5874437209302,10.4396823696549
0.2078941,0.999906957,0.001123244,-0.013594908,-0.016596172,-0.001120616,0.999999344,0.00020096,-0.001055518,0.013595125,-0.000185706,0.999907553,0.193190977,6,-10.5281282109984,-0.103007654762963,119.324715294118,3.54384133358819,6.24391092108395,119.324715294118,72.4810625748179
0.2078941,0.999906957,0.001123244,-0.013594908,-0.016596172,-0.001120616,0.999999344,0.00020096,-0.001055518,0.013595125,-0.000185706,0.999907553,0.193190977,2,1.31454157542811,0.529765224793472,19.3192396190476,1.55736156564488,1.91254929114283,19.3192396190476,1.45061531975976
0.2078941,0.999906957,0.001123244,-0.013594908,-0.016596172,-0.001120616,0.999999344,0.00020096,-0.001055518,0.013595125,-0.000185706,0.999907553,0.193190977,1,-4.07470780612445,0.813349635723334,12.8117062736842,1.44951104170825,2.24674211464779,12.8117062736842,2.30745451820795
0.2078941,0.999906957,0.001123244,-0.013594908,-0.016596172,-0.001120616,0.999999344,0.00020096,-0.001055518,0.013595125,-0.000185706,0.999907553,0.193190977,4,4.00571727399985,0.864254177014588,8.80688926193922,1.23305457193073,1.90562979298385,8.80688926193922,1.75637068432864
0.2078941,0.999906957,0.001123244,-0.013594908,-0.016596172,-0.001120616,0.999999344,0.00020096,-0.001055518,0.013595125,-0.000185706,0.999907553,0.193190977,3,-5.69492432408816,0.3228578112931,38.7615317197452,1.42527558639306,2.30236825494264,38.7615317197452,3.11154497934155
0.2078941,0.999906957,0.001123244,-0.013594908,-0.016596172,-0.001120616,0.999999344,0.00020096,-0.001055518,0.013595125,-0.000185706,0.999907553,0.193190977,5,2.89010487267679,0.466463121912572,13.5234677333333,1.51091394000284,0.688517744811419,13.5234677333333,1.02783970636933
0.3117497,0.999778211,0.001332445,-0.021017468,-0.030436376,-0.001341198,0.999999046,-0.000402355,-0.003250245,0.021016911,0.000430454,0.999779046,0.287668526,6,-9.85311081412445,-0.524893527809176,119.324715294118,3.03757828593273,5.56889352421001,119.324715294118,7.66461002815294
0.3117497,0.999778211,0.001332445,-0.021017468,-0.030436376,-0.001341198,0.999999046,-0.000402355,-0.003250245,0.021016911,0.000430454,0.999779046,0.287668526,2,1.48272133446619,0.539997734116767,19.1973516719243,1.57468569396933,1.92763248744522,19.1973516719243,2.00235964966845
0.3117497,0.999778211,0.001332445,-0.021017468,-0.030436376,-0.001341198,0.999999046,-0.000402355,-0.003250245,0.021016911,0.000430454,0.999779046,0.287668526,3,-5.44824201105859,0.350266957185274,38.7615317197452,1.48009387817741,2.35718654672699,38.7615317197452,2.38986027100161
0.3117497,0.999778211,0.001332445,-0.021017468,-0.030436376,-0.001341198,0.999999046,-0.000402355,-0.003250245,0.021016911,0.000430454,0.999779046,0.287668526,7,0.670927851069217,0.429976662961302,23.5874437209302,1.93478823638868,1.53448722196343,23.5874437209302,2.61437852102072
0.3117497,0.999778211,0.001332445,-0.021017468,-0.030436376,-0.001341198,0.999999046,-0.000402355,-0.003250245,0.021016911,0.000430454,0.999779046,0.287668526,5,2.98573233723393,0.514276854191143,13.5234677333333,1.56829041873712,0.688517744811419,13.5234677333333,1.02945585633187
0.3117497,0.999778211,0.001332445,-0.021017468,-0.030436376,-0.001341198,0.999999046,-0.000402355,-0.003250245,0.021016911,0.000430454,0.999779046,0.287668526,1,-3.96599447799633,0.82240907973401,12.8117062736842,1.4676299297296,2.28297989069049,12.8117062736842,1.0504022112032
0.3117497,0.999778211,0.001332445,-0.021017468,-0.030436376,-0.001341198,0.999999046,-0.000402355,-0.003250245,0.021016911,0.000430454,0.999779046,0.287668526,4,4.06011163400624,0.848294937950398,8.64426204545455,1.2591855063135,1.9315661164809,8.64426204545455,1.65830106573105
0.415622,0.999539912,0.001931563,-0.030269586,-0.041952476,-0.001988536,0.999996305,-0.001852218,-0.002774144,0.030265896,0.001911558,0.999540031,0.391514838,3,-4.97798874212062,0.348050077709418,38.5162055696203,1.47072619540414,2.34226764453252,38.5162055696203,5.10630450053627
0.415622,0.999539912,0.001931563,-0.030269586,-0.041952476,-0.001988536,0.999996305,-0.001852218,-0.002774144,0.030265896,0.001911558,0.999540031,0.391514838,7,0.827455112193361,0.382907309878132,23.771720625,1.91628473897709,1.58009443389339,23.771720625,2.37138782019925
0.415622,0.999539912,0.001931563,-0.030269586,-0.041952476,-0.001988536,0.999996305,-0.001852218,-0.002774144,0.030265896,0.001911558,0.999540031,0.391514838,6,-7.81249035976983,-0.19113252595965,121.7112096,3.09832985165139,6.71304801191134,121.7112096,30.3995439817623
0.415622,0.999539912,0.001931563,-0.030269586,-0.041952476,-0.001988536,0.999996305,-0.001852218,-0.002774144,0.030265896,0.001911558,0.999540031,0.391514838,1,-3.83503128749488,0.831772468091245,12.678251,1.45234211796159,2.25919885016247,12.678251,1.80235433907544
0.415622,0.999539912,0.001931563,-0.030269586,-0.041952476,-0.001988536,0.999996305,-0.001852218,-0.002774144,0.030265896,0.001911558,0.999540031,0.391514838,4,4.13677259592235,0.873707921521699,8.47571097493036,1.24661987222123,1.94185018557538,8.47571097493036,1.7993395875023
0.415622,0.999539912,0.001931563,-0.030269586,-0.041952476,-0.001988536,0.999996305,-0.001852218,-0.002774144,0.030265896,0.001911558,0.999540031,0.391514838,2,1.57774547117124,0.580722364133215,19.1973516719243,1.60183544731363,2.00908174747812,19.1973516719243,0.995291147641623
0.415622,0.999539912,0.001931563,-0.030269586,-0.041952476,-0.001988536,0.999996305,-0.001852218,-0.002774144,0.030265896,0.001911558,0.999540031,0.391514838,5,3.10580720005812,0.512001292889412,13.463629380531,1.48518761325472,0.685471206117563,13.463629380531,1.29176077388353
0.5194988,0.999120176,0.001957503,-0.041893106,-0.056719027,-0.002100345,0.999992132,-0.003365919,-0.003969094,0.041886188,0.003450947,0.999116421,0.507269561,2,1.85880157585266,0.575278091969466,19.0173765,1.58681823999507,1.93645615728212,19.0173765,3.21328933791146
0.5194988,0.999120176,0.001957503,-0.041893106,-0.056719027,-0.002100345,0.999992132,-0.003365919,-0.003969094,0.041886188,0.003450947,0.999116421,0.507269561,7,1.11321687151451,0.450145370894872,23.771720625,1.84904667796035,1.54647540338502,23.771720625,2.82609363469689
0.5194988,0.999120176,0.001957503,-0.041893106,-0.056719027,-0.002100345,0.999992132,-0.003365919,-0.003969094,0.041886188,0.003450947,0.999116421,0.507269561,6,-7.95870929538226,-0.378397877252609,126.78251,2.86882393671425,5.55834637738385,126.78251,48.8738853562424
0.5194988,0.999120176,0.001957503,-0.041893106,-0.056719027,-0.002100345,0.999992132,-0.003365919,-0.003969094,0.041886188,0.003450947,0.999116421,0.507269561,1,-3.69286170357894,0.838989647793906,12.6518928898129,1.46721556846508,2.27239484384226,12.6518928898129,1.39369264803539
0.5194988,0.999120176,0.001957503,-0.041893106,-0.056719027,-0.002100345,0.999992132,-0.003365919,-0.003969094,0.041886188,0.003450947,0.999116421,0.507269561,3,-4.65116069869747,0.456992758850465,38.5162055696203,1.57966887654519,2.34226764453252,38.5162055696203,3.31649614554145
0.5194988,0.999120176,0.001957503,-0.041893106,-0.056719027,-0.002100345,0.999992132,-0.003365919,-0.003969094,0.041886188,0.003450947,0.999116421,0.507269561,4,4.22236912021735,0.891052800931799,8.30226532060027,1.26807497339074,1.96081963478013,8.30226532060027,1.86945704115591
0.5194988,0.999120176,0.001957503,-0.041893106,-0.056719027,-0.002100345,0.999992132,-0.003365919,-0.003969094,0.041886188,0.003450947,0.999116421,0.507269561,5,3.30573630184241,0.531042159726011,13.463629380531,1.48518761325472,0.704512072954162,13.463629380531,1.93338419140427
0.6233766,0.998462498,0.001818715,-0.055401783,-0.078830123,-0.002055215,0.999989033,-0.004212147,-0.005359372,0.055393513,0.004319533,0.998455286,0.632864356,6,-5.48874297103129,0.15312634644606,121.7112096,3.09832985165139,6.54091857570848,121.7112096,54.5429763669461
0.6233766,0.998462498,0.001818715,-0.055401783,-0.078830123,-0.002055215,0.999989033,-0.004212147,-0.005359372,0.055393513,0.004319533,0.998455286,0.632864356,1,-3.50829191972074,0.862243743900793,12.5995040993789,1.47895892389616,2.2808041235989,12.5995040993789,1.86050298170535
0.6233766,0.998462498,0.001818715,-0.055401783,-0.078830123,-0.002055215,0.999989033,-0.004212147,-0.005359372,0.055393513,0.004319533,0.998455286,0.632864356,4,4.34474805555001,0.889254220024329,8.12491385847797,1.27545843915333,1.97638604985921,8.12491385847797,2.07439952834394
0.6233766,0.998462498,0.001818715,-0.055401783,-0.078830123,-0.002055215,0.999989033,-0.004212147,-0.005359372,0.055393513,0.004319533,0.998455286,0.632864356,3,-4.16181371074206,0.481182967317263,38.2739652830189,1.51560509864149,2.27340764796223,38.2739652830189,5.26155078457417
0.6233766,0.998462498,0.001818715,-0.055401783,-0.078830123,-0.002055215,0.999989033,-0.004212147,-0.005359372,0.055393513,0.004319533,0.998455286,0.632864356,2,2.1145379576841,0.625161282765573,18.8992561490683,1.57696222608205,1.97788482593342,18.8992561490683,2.75400654331731
0.6233766,0.998462498,0.001818715,-0.055401783,-0.078830123,-0.002055215,0.999989033,-0.004212147,-0.005359372,0.055393513,0.004319533,0.998455286,0.632864356,5,3.5056654036267,0.578644326817508,13.463629380531,1.50422848009132,0.723552939790761,13.463629380531,1.97845845555897
0.6233766,0.998462498,0.001818715,-0.055401783,-0.078830123,-0.002055215,0.999989033,-0.004212147,-0.005359372,0.055393513,0.004319533,0.998455286,0.632864356,7,1.53345475286913,0.567811977674167,23.771720625,1.81542764745198,1.44561831185991,23.771720625,4.20109395739524
0.7271218,0.997415543,0.001970514,-0.071821585,-0.104938835,-0.002269463,0.999989092,-0.00408101,-0.007476402,0.071812756,0.004233459,0.997409165,0.770466208,4,4.48940352778017,0.895270299900494,7.923906875,1.27752315931806,1.98352279999383,7.923906875,2.38777327418628
0.7271218,0.997415543,0.001970514,-0.071821585,-0.104938835,-0.002269463,0.999989092,-0.00408101,-0.007476402,0.071812756,0.004233459,0.997409165,0.770466208,3,-3.50726254671648,0.484228429135727,38.5162055696203,1.52519753597466,2.23332496339147,38.5162055696203,6.72748944747527
0.7271218,0.997415543,0.001970514,-0.071821585,-0.104938835,-0.002269463,0.999989092,-0.00408101,-0.007476402,0.071812756,0.004233459,0.997409165,0.770466208,6,-3.87896932208344,-0.0179274431667876,114.821895849057,2.92295269023716,5.84590538047431,114.821895849057,68.2147584915041
0.7271218,0.997415543,0.001970514,-0.071821585,-0.104938835,-0.002269463,0.999989092,-0.00408101,-0.007476402,0.071812756,0.004233459,0.997409165,0.770466208,1,-3.28253118188508,0.858708090222764,12.4195111836735,1.47539516745304,2.24822120754749,12.4195111836735,2.78328297592687
0.7271218,0.997415543,0.001970514,-0.071821585,-0.104938835,-0.002269463,0.999989092,-0.00408101,-0.007476402,0.071812756,0.004233459,0.997409165,0.770466208,9,5.0958344625229,0.797573780925912,12.7047191649269,1.06008734195913,0.70073570061705,12.7047191649269,0
0.7271218,0.997415543,0.001970514,-0.071821585,-0.104938835,-0.002269463,0.999989092,-0.00408101,-0.007476402,0.071812756,0.004233459,0.997409165,0.770466208,5,3.71470886226855,0.569819685667786,13.2583016993464,1.51878914296637,0.712518363366937,13.2583016993464,2.82566592873933
0.7271218,0.997415543,0.001970514,-0.071821585,-0.104938835,-0.002269463,0.999989092,-0.00408101,-0.007476402,0.071812756,0.004233459,0.997409165,0.770466208,7,2.0038687582614,0.513874218917967,25.2512882987552,1.89270956820566,1.57130605662357,25.2512882987552,14.9740529511009
0.7271218,0.997415543,0.001970514,-0.071821585,-0.104938835,-0.002269463,0.999989092,-0.00408101,-0.007476402,0.071812756,0.004233459,0.997409165,0.770466208,2,2.41441377148892,0.636548510698409,18.8407445201238,1.54543456652718,1.99840676706101,18.8407445201238,2.94705684877799
0.830874,0.99593997,0.000533754,-0.090018064,-0.141291246,-0.000930786,0.999990046,-0.004368662,-0.004319853,0.09001483,0.004434713,0.995930552,0.919144332,6,-1.78189957170251,-0.0955161889620203,110.646554181818,2.6601821958623,5.16388308608564,110.646554181818,45.0402878431691
0.830874,0.99593997,0.000533754,-0.090018064,-0.141291246,-0.000930786,0.999990046,-0.004368662,-0.004319853,0.09001483,0.004434713,0.995930552,0.919144332,1,-3.04688788947768,0.86917699599048,12.318948340081,1.46344864787852,2.23001698724346,12.318948340081,2.47144740409511
0.830874,0.99593997,0.000533754,-0.090018064,-0.141291246,-0.000930786,0.999990046,-0.004368662,-0.004319853,0.09001483,0.004434713,0.995930552,0.919144332,4,4.63589668737232,0.900741168881323,7.68378848484848,1.28227736565258,1.9886165924951,7.68378848484848,2.711564644313
0.830874,0.99593997,0.000533754,-0.090018064,-0.141291246,-0.000930786,0.999990046,-0.004368662,-0.004319853,0.09001483,0.004434713,0.995930552,0.919144332,7,2.50382977627799,0.460306966987618,25.2512882987552,1.85699806691877,1.57130605662357,25.2512882987552,4.84637919475063
0.830874,0.99593997,0.000533754,-0.090018064,-0.141291246,-0.000930786,0.999990046,-0.004368662,-0.004319853,0.09001483,0.004434713,0.995930552,0.919144332,2,2.72832198040279,0.636086075335325,18.4410923636364,1.5387328387831,2.06033719091296,18.4410923636364,4.89814474869093
0.830874,0.99593997,0.000533754,-0.090018064,-0.141291246,-0.000930786,0.999990046,-0.004368662,-0.004319853,0.09001483,0.004434713,0.995930552,0.919144332,5,3.97863003239351,0.567347582910008,13.2007819522777,1.51220003605545,0.709427177408729,13.2007819522777,2.60358602851432
0.830874,0.99593997,0.000533754,-0.090018064,-0.141291246,-0.000930786,0.999990046,-0.004368662,-0.004319853,0.09001483,0.004434713,0.995930552,0.919144332,3,-2.91685237971512,0.562376097601629,38.2739652830189,1.46147634511858,2.16515014091641,38.2739652830189,6.19687866742238
0.9346218,0.993903041,-0.000676338,-0.110255606,-0.170243666,0.000200763,0.999990642,-0.004324431,-0.011190831,0.110257491,0.00427593,0.993893862,1.080034494,7,2.78918738573613,0.446655871895687,23.5874437209302,1.76799614704483,1.5678456398322,23.5874437209302,16.2720804994859
0.9346218,0.993903041,-0.000676338,-0.110255606,-0.170243666,0.000200763,0.999990642,-0.004324431,-0.011190831,0.110257491,0.00427593,0.993893862,1.080034494,6,0.18068719213483,-0.0179274431667876,114.821895849057,2.59818016909969,5.19636033819939,114.821895849057,44.4755811002782
0.9346218,0.993903041,-0.000676338,-0.110255606,-0.170243666,0.000200763,0.999990642,-0.004324431,-0.011190831,0.110257491,0.00427593,0.993893862,1.080034494,3,-2.17245099336111,0.585756471398315,38.034753,1.50613256677498,2.09782750372229,38.034753,7.53984202844214
0.9346218,0.993903041,-0.000676338,-0.110255606,-0.170243666,0.000200763,0.999990642,-0.004324431,-0.011190831,0.110257491,0.00427593,0.993893862,1.080034494,2,3.12081748024034,0.641352217861463,18.2202409580838,1.54607278026516,2.06143037368688,18.2202409580838,4.34125014741123
0.9346218,0.993903041,-0.000676338,-0.110255606,-0.170243666,0.000200763,0.999990642,-0.004324431,-0.011190831,0.110257491,0.00427593,0.993893862,1.080034494,1,-2.78046588767064,0.870836690611182,12.2200009638554,1.46897611217296,2.24666934802923,12.2200009638554,2.73940948445264
0.9346218,0.993903041,-0.000676338,-0.110255606,-0.170243666,0.000200763,0.999990642,-0.004324431,-0.011190831,0.110257491,0.00427593,0.993893862,1.080034494,5,4.27750366726488,0.59150203326881,13.1154320689655,1.52097131127523,0.723388794386997,13.1154320689655,3.00496689326028
0.9346218,0.993903041,-0.000676338,-0.110255606,-0.170243666,0.000200763,0.999990642,-0.004324431,-0.011190831,0.110257491,0.00427593,0.993893862,1.080034494,4,4.77964903217634,0.907539918682741,7.38538893203884,1.25336968108875,1.99494674239959,7.38538893203884,3.19322708263701
1.038404,0.991203368,-0.000778606,-0.132345229,-0.220107391,0.000124911,0.999987781,-0.004947551,-0.011911978,0.132347465,0.004887498,0.991191328,1.249608159,3,-1.36559426116023,0.612651695805011,38.034753,1.55992301558837,2.09782750372229,38.034753,7.77883742583209
1.038404,0.991203368,-0.000778606,-0.132345229,-0.220107391,0.000124911,0.999987781,-0.004947551,-0.011911978,0.132347465,0.004887498,0.991191328,1.249608159,1,-2.51259377309792,0.888118762519099,12.2200009638554,1.46897611217296,2.26395141993715,12.2200009638554,2.58646494155035
1.038404,0.991203368,-0.000778606,-0.132345229,-0.220107391,0.000124911,0.999987781,-0.004947551,-0.011911978,0.132347465,0.004887498,0.991191328,1.249608159,5,4.58115690191997,0.595641408849998,13.0033343589744,1.52636145350822,0.698816087148342,13.0033343589744,3.11913061784765
1.038404,0.991203368,-0.000778606,-0.132345229,-0.220107391,0.000124911,0.999987781,-0.004947551,-0.011911978,0.132347465,0.004887498,0.991191328,1.249608159,2,3.57826707060233,0.648412096945994,18.0580429673591,1.55784801311189,2.09415634549467,18.0580429673591,4.67715222946191
1.038404,0.991203368,-0.000778606,-0.132345229,-0.220107391,0.000124911,0.999987781,-0.004947551,-0.011911978,0.132347465,0.004887498,0.991191328,1.249608159,7,3.40014002229006,0.556934353580792,23.3163236781609,1.78064934002953,1.51684943780293,23.3163236781609,6.52755604539434
1.038404,0.991203368,-0.000778606,-0.132345229,-0.220107391,0.000124911,0.999987781,-0.004947551,-0.011911978,0.132347465,0.004887498,0.991191328,1.249608159,4,4.95239372297977,0.92534354840026,7.15948291764706,1.2251565753262,2.0048016687156,7.15948291764706,2.74556464451357
1.142127,0.987724245,0.002777561,-0.156182915,-0.280785173,-0.003800982,0.999973238,-0.006254431,-0.015770648,0.156161368,0.006771302,0.98770833,1.416487694,1,-2.16653303542072,0.889048537987745,11.8858603125,1.44561831185991,2.18523698304405,11.8858603125,4.63783116582198
1.142127,0.987724245,0.002777561,-0.156182915,-0.280785173,-0.003800982,0.999973238,-0.006254431,-0.015770648,0.156161368,0.006771302,0.98770833,1.416487694,4,5.06372770435207,0.938432551120967,6.88411819004525,1.19750682426194,1.92769391222654,6.88411819004525,2.8663694990751
1.142127,0.987724245,0.002777561,-0.156182915,-0.280785173,-0.003800982,0.999973238,-0.006254431,-0.015770648,0.156161368,0.006771302,0.98770833,1.416487694,2,4.03005444577526,0.674707243107913,17.7421588338192,1.55568878200831,2.08261562752725,17.7421588338192,5.32083678178917
1.142127,0.987724245,0.002777561,-0.156182915,-0.280785173,-0.003800982,0.999973238,-0.006254431,-0.015770648,0.156161368,0.006771302,0.98770833,1.416487694,5,4.86109127067018,0.625575747639908,12.678251,1.47027226756605,0.681345684969633,12.678251,4.14608883055819
1.142127,0.987724245,0.002777561,-0.156182915,-0.280785173,-0.003800982,0.999973238,-0.006254431,-0.015770648,0.156161368,0.006771302,0.98770833,1.416487694,3,-0.261257202967146,0.608846405768955,37.7985122981366,1.55023405275863,2.13825386587397,37.7985122981366,10.8879344039214
1.142127,0.987724245,0.002777561,-0.156182915,-0.280785173,-0.003800982,0.999973238,-0.006254431,-0.015770648,0.156161368,0.006771302,0.98770833,1.416487694,7,4.02876799247361,0.601785452470726,23.1390132319392,1.73438405299454,1.5053144610896,23.1390132319392,6.31194260904222
1.245873,0.983346879,0.006816391,-0.181610733,-0.343507439,-0.008369784,0.999934614,-0.007788392,-0.02080901,0.181545779,0.009178733,0.983339667,1.587447524,10,10.5093447972157,0.428458854948273,126.78251,3.04812543275889,7.35136133783026,126.78251,0
1.245873,0.983346879,0.006816391,-0.181610733,-0.343507439,-0.008369784,0.999934614,-0.007788392,-0.02080901,0.181545779,0.009178733,0.983339667,1.587447524,5,5.24073014814693,0.684055921744629,12.5995040993789,1.47895892389616,0.677113724193424,12.5995040993789,3.77947533474199
1.245873,0.983346879,0.006816391,-0.181610733,-0.343507439,-0.008369784,0.999934614,-0.007788392,-0.02080901,0.181545779,0.009178733,0.983339667,1.587447524,1,-1.83528542606316,0.900197229163345,11.7030009230769,1.43992893746619,2.18471976719008,11.7030009230769,3.64864637350794
1.245873,0.983346879,0.006816391,-0.181610733,-0.343507439,-0.008369784,0.999934614,-0.007788392,-0.02080901,0.181545779,0.009178733,0.983339667,1.587447524,3,0.655645352796957,0.697697981408905,38.2739652830189,1.62386260568731,2.16515014091641,38.2739652830189,9.9922725156244
1.245873,0.983346879,0.006816391,-0.181610733,-0.343507439,-0.008369784,0.999934614,-0.007788392,-0.02080901,0.181545779,0.009178733,0.983339667,1.587447524,7,4.63291267580785,0.648406370132632,23.0513654545455,1.76041468843829,1.49961251237336,23.0513654545455,5.90140383880493
1.245873,0.983346879,0.006816391,-0.181610733,-0.343507439,-0.008369784,0.999934614,-0.007788392,-0.02080901,0.181545779,0.009178733,0.983339667,1.587447524,2,4.47863777339229,0.712428447009455,17.4371360458453,1.52894341612851,2.04681134739784,17.4371360458453,5.241385108822
1.245873,0.983346879,0.006816391,-0.181610733,-0.343507439,-0.008369784,0.999934614,-0.007788392,-0.02080901,0.181545779,0.009178733,0.983339667,1.587447524,4,5.14510850713032,0.953132270402389,6.68008834248079,1.15256812386105,1.74774674519913,6.68008834248079,2.12203301305661
1.349627,0.977981269,0.009943592,-0.208455771,-0.416434407,-0.012004944,0.999890745,-0.008625827,-0.028375009,0.208347231,0.010938397,0.977993727,1.771675587,4,5.36239594031724,1.01926322832884,6.68008834248079,1.15256812386105,1.53990659171599,6.68008834248079,2.18910122442007
1.349627,0.977981269,0.009943592,-0.208455771,-0.416434407,-0.012004944,0.999890745,-0.008625827,-0.028375009,0.208347231,0.010938397,0.977993727,1.771675587,7,5.31843669384935,0.638728663115728,22.7073152238806,1.73413984234219,1.50934393685339,22.7073152238806,7.39322993814055
1.349627,0.977981269,0.009943592,-0.208455771,-0.416434407,-0.012004944,0.999890745,-0.008625827,-0.028375009,0.208347231,0.010938397,0.977993727,1.771675587,10,10.7380614816694,0.494449099112879,103.145092881356,2.4798308605496,5.10553412466095,103.145092881356,227.833295481586
1.349627,0.977981269,0.009943592,-0.208455771,-0.416434407,-0.012004944,0.999890745,-0.008625827,-0.028375009,0.208347231,0.010938397,0.977993727,1.771675587,5,5.71292787686077,0.719693486175861,12.5995040993789,1.5145964883274,0.694932506409041,12.5995040993789,4.56407109984592
1.349627,0.977981269,0.009943592,-0.208455771,-0.416434407,-0.012004944,0.999890745,-0.008625827,-0.028375009,0.208347231,0.010938397,0.977993727,1.771675587,2,4.96705692225553,0.766639506806502,16.9987722905028,1.53858713924339,1.99535519620628,16.9987722905028,6.34698209302155
1.349627,0.977981269,0.009943592,-0.208455771,-0.416434407,-0.012004944,0.999890745,-0.008625827,-0.028375009,0.208347231,0.010938397,0.977993727,1.771675587,3,1.80804221882991,0.747127817838491,38.034753,1.61371346440176,2.20540840134908,38.034753,11.3537806119852
1.349627,0.977981269,0.009943592,-0.208455771,-0.416434407,-0.012004944,0.999890745,-0.008625827,-0.028375009,0.208347231,0.010938397,0.977993727,1.771675587,1,-1.48486087051793,0.931507682889107,11.6805383493282,1.47020343781709,2.1805264470995,11.6805383493282,3.39781522903693
1.453253,0.971277833,0.010861546,-0.237700239,-0.48957178,-0.013328325,0.999872684,-0.008772997,-0.030270493,0.237574697,0.011689165,0.971298933,1.951716185,7,5.98111296403733,0.716358898710703,22.1293108363636,1.75259062315634,1.50222053413401,22.1293108363636,8.51865766463026
1.453253,0.971277833,0.010861546,-0.237700239,-0.48957178,-0.013328325,0.999872684,-0.008772997,-0.030270493,0.237574697,0.011689165,0.971298933,1.951716185,2,5.54220409153663,0.781943136041079,16.8109405524862,1.56913574439066,2.04463142450905,16.8109405524862,5.84056949594067
1.453253,0.971277833,0.010861546,-0.237700239,-0.48957178,-0.013328325,0.999872684,-0.008772997,-0.030270493,0.237574697,0.011689165,0.971298933,1.951716185,3,3.01832731713123,0.774023042245187,38.034753,1.66750391321516,2.25919885016247,38.034753,11.6822409167956
1.453253,0.971277833,0.010861546,-0.237700239,-0.48957178,-0.013328325,0.999872684,-0.008772997,-0.030270493,0.237574697,0.011689165,0.971298933,1.951716185,1,-1.11179866420885,0.905025394991306,11.2487254713494,1.43176055991284,2.13173238920356,11.2487254713494,5.5127184172099
1.556997,0.963214636,0.012602924,-0.268437505,-0.574278712,-0.015412787,0.99984622,-0.008362604,-0.031856742,0.268290848,0.012192353,0.963260829,2.141042471,7,6.77019685570282,0.729354829893169,22.049132173913,1.77742352600774,1.55914344386644,22.049132173913,7.64625775427066
1.556997,0.963214636,0.012602924,-0.268437505,-0.574278712,-0.015412787,0.99984622,-0.008362604,-0.031856742,0.268290848,0.012192353,0.963260829,2.141042471,2,6.11529722734667,0.797771220922061,16.4031279784367,1.554268494015,2.01822923849708,16.4031279784367,6.78169814317676
1.556997,0.963214636,0.012602924,-0.268437505,-0.574278712,-0.015412787,0.99984622,-0.008362604,-0.031856742,0.268290848,0.012192353,0.963260829,2.141042471,3,4.22953369308241,0.764467202217469,37.5651881481482,1.64691744515077,2.28443387553171,37.5651881481482,12.5219567805241
1.556997,0.963214636,0.012602924,-0.268437505,-0.574278712,-0.015412787,0.99984622,-0.008362604,-0.031856742,0.268290848,0.012192353,0.963260829,2.141042471,1,-0.741790856072988,0.915855166361101,11.1866920588235,1.42386482153097,2.11997651205722,11.1866920588235,3.61782976851663
1.660772,0.953744292,0.014654562,-0.300261796,-0.672320485,-0.017570408,0.999821007,-0.007013004,-0.037251867,0.300105274,0.011964333,0.953831077,2.33538413,2,6.64889825488249,0.808593797584552,15.9307865968586,1.53204210232907,2.02770278249436,15.9307865968586,6.86782569905368
1.660772,0.953744292,0.014654562,-0.300261796,-0.672320485,-0.017570408,0.999821007,-0.007013004,-0.037251867,0.300105274,0.011964333,0.953831077,2.33538413,3,5.22021497539827,0.677865970288748,35.7974145882353,1.56941544773191,2.227557409684,35.7974145882353,19.5451024842152
1.660772,0.953744292,0.014654562,-0.300261796,-0.672320485,-0.017570408,0.999821007,-0.007013004,-0.037251867,0.300105274,0.011964333,0.953831077,2.33538413,1,-0.342495328091158,0.929336214937551,11.0646554181818,1.42397988131453,2.12814575668984,11.0646554181818,4.0254960689269
1.660772,0.953744292,0.014654562,-0.300261796,-0.672320485,-0.017570408,0.999821007,-0.007013004,-0.037251867,0.300105274,0.011964333,0.953831077,2.33538413,7,7.62772574982936,0.744946264331833,22.049132173913,1.87097213263973,1.59032631274377,22.049132173913,8.26471330019254
1.764374,0.942418814,0.01672402,-0.334016621,-0.773473799,-0.019883173,0.999784052,-0.006041219,-0.037773348,0.33384347,0.012334668,0.942547798,2.527612925,7,8.59439468502655,0.760537698770498,22.049132173913,1.90215500151705,1.65269205049842,22.049132173913,9.33181467920744
1.764374,0.942418814,0.01672402,-0.334016621,-0.773473799,-0.019883173,0.999784052,-0.006041219,-0.037773348,0.33384347,0.012334668,0.942547798,2.527612925,2,7.29592021185943,0.836143011019447,15.6040012307692,1.54475135053844,2.09644826144503,15.6040012307692,7.00166152004595
1.764374,0.942418814,0.01672402,-0.334016621,-0.773473799,-0.019883173,0.999784052,-0.006041219,-0.037773348,0.33384347,0.012334668,0.942547798,2.527612925,1,0.071145291252053,0.908300505932942,10.9060223655914,1.41898818375113,2.11305849102071,10.9060223655914,4.28094966515468
1.764374,0.942418814,0.01672402,-0.334016621,-0.773473799,-0.019883173,0.999784052,-0.006041219,-0.037773348,0.33384347,0.012334668,0.942547798,2.527612925,3,6.52343888179233,0.699066964059407,35.5880729824561,1.61056782412028,2.26486100266914,35.5880729824561,12.7420390638932
1.868002,0.929945767,0.018908998,-0.367210209,-0.873969436,-0.022500103,0.999731719,-0.005500804,-0.041613579,0.367007673,0.013377716,0.93012172,2.700247765,2,8.00822809083837,0.871341923649416,15.4455849746193,1.5727562698738,2.2499152194028,15.4455849746193,7.04982730030011
1.868002,0.929945767,0.018908998,-0.367210209,-0.873969436,-0.022500103,0.999731719,-0.005500804,-0.041613579,0.367007673,0.013377716,0.93012172,2.700247765,3,7.93660308884086,0.745040248048264,35.3811655813954,1.60120405770097,2.35176845974831,35.3811655813954,13.7894267044113
1.868002,0.929945767,0.018908998,-0.367210209,-0.873969436,-0.022500103,0.999731719,-0.005500804,-0.041613579,0.367007673,0.013377716,0.93012172,2.700247765,7,9.23739492606635,0.7587322106625,21.1304183333333,1.88266570846872,1.61371346440176,21.1304183333333,10.8211833299233
1.868002,0.929945767,0.018908998,-0.367210209,-0.873969436,-0.022500103,0.999731719,-0.005500804,-0.041613579,0.367007673,0.013377716,0.93012172,2.700247765,1,0.488990040422722,0.920466658250764,10.6020217421603,1.39442835948306,2.0841456125607,10.6020217421603,4.98778226164678
1.97175,0.916044712,0.021865744,-0.400479645,-0.990588427,-0.02590997,0.99965328,-0.004685701,-0.044538125,0.400238365,0.014668728,0.916293681,2.880165815,1,0.902169347841699,0.935781827540693,10.4383541680961,1.40242679582086,2.06673422542021,10.4383541680961,4.28613829819537
1.97175,0.916044712,0.021865744,-0.400479645,-0.990588427,-0.02590997,0.99965328,-0.004685701,-0.044538125,0.400238365,0.014668728,0.916293681,2.880165815,3,9.23032725267025,0.835401530371188,34.9744855172414,1.58279941335958,2.32473663837189,34.9744855172414,13.1004485612732
1.97175,0.916044712,0.021865744,-0.400479645,-0.990588427,-0.02590997,0.99965328,-0.004685701,-0.044538125,0.400238365,0.014668728,0.916293681,2.880165815,2,8.65136784222493,0.890176942069519,15.0260752592593,1.57254052827299,2.2950591493714,15.0260752592593,7.40348037923783
1.97175,0.916044712,0.021865744,-0.400479645,-0.990588427,-0.02590997,0.99965328,-0.004685701,-0.044538125,0.400238365,0.014668728,0.916293681,2.880165815,7,10.1678846356789,0.783177063727389,20.9846913103448,1.86968180703101,1.63226189502707,20.9846913103448,9.08113069460469
2.075498,0.900130391,0.022620648,-0.435032845,-1.114401102,-0.027015466,0.999627352,-0.003919762,-0.046197295,0.434782058,0.015280912,0.900406063,3.053612471,2,9.47998041866451,0.93179961235003,14.8428304390244,1.61633738873412,2.41401038577174,14.8428304390244,8.18958263191639
2.075498,0.900130391,0.022620648,-0.435032845,-1.114401102,-0.027015466,0.999627352,-0.003919762,-0.046197295,0.434782058,0.015280912,0.900406063,3.053612471,3,10.7142017026949,0.860132771204932,34.9744855172414,1.63226189502707,2.32473663837189,34.9744855172414,14.3046663973103
2.075498,0.900130391,0.022620648,-0.435032845,-1.114401102,-0.027015466,0.999627352,-0.003919762,-0.046197295,0.434782058,0.015280912,0.900406063,3.053612471,1,1.33736340907921,0.951471451311377,10.2106719463087,1.38627733854648,2.06497561887653,10.2106719463087,4.73652852621917
2.179126,0.881655157,0.018152528,-0.471545011,-1.244813204,-0.023087682,0.999722481,-0.004682232,-0.045066502,0.471329153,0.015014995,0.88182956,3.244331121,3,12.1858256373659,0.869866316919376,34.3816976271186,1.65322057369974,2.38258259150844,34.3816976271186,15.3101374847069
2.179126,0.881655157,0.018152528,-0.471545011,-1.244813204,-0.023087682,0.999722481,-0.004682232,-0.045066502,0.471329153,0.015014995,0.88182956,3.244331121,1,1.76359243319073,0.960184607678528,9.92750486133768,1.38995221729875,2.06386844386783,9.92750486133768,4.93873909535005
2.179126,0.881655157,0.018152528,-0.471545011,-1.244813204,-0.023087682,0.999722481,-0.004682232,-0.045066502,0.471329153,0.015014995,0.88182956,3.244331121,2,10.7020456932836,0.975179132786978,15.0260752592593,1.70004381434918,2.61381736456187,15.0260752592593,11.931992988808
2.282875,0.860249341,0.012676843,-0.509715974,-1.380557537,-0.017781159,0.999828696,-0.005143178,-0.04769114,0.509563446,0.013487756,0.860327363,3.427558661,3,14.0092306818876,0.894178384179666,34.3816976271186,1.60459643917915,2.43120672602902,34.3816976271186,17.5767199468644
2.282875,0.860249341,0.012676843,-0.509715974,-1.380557537,-0.017781159,0.999828696,-0.005143178,-0.04769114,0.509563446,0.013487756,0.860327363,3.427558661,2,11.4121133477565,1.0011147315002,14.6287511538462,1.71715663519675,2.54470200155663,14.6287511538462,7.84668269763274
2.282875,0.860249341,0.012676843,-0.509715974,-1.380557537,-0.017781159,0.999828696,-0.005143178,-0.04769114,0.509563446,0.013487756,0.860327363,3.427558661,1,2.22853760911019,0.964659407845897,9.6903829299363,1.41157101344698,2.06939051485916,9.6903829299363,5.03079074260425
2.386504,0.835343361,0.014415672,-0.549539506,-1.539366722,-0.018441167,0.999828339,-0.001804254,-0.054073505,0.549419105,0.01164132,0.835465789,3.604417086,1,2.65361057196695,0.941116392367838,9.1926895468278,1.39107625934331,2.02811118184632,9.1926895468278,6.3199983787524
2.386504,0.835343361,0.014415672,-0.549539506,-1.539366722,-0.018441167,0.999828339,-0.001804254,-0.054073505,0.549419105,0.01164132,0.835465789,3.604417086,2,14.1110824781114,1.19602628417631,16.9514219498607,1.96582364465656,2.565160121686,16.9514219498607,34.4123920326274
2.490144,0.806529164,0.020753549,-0.590829968,-1.723819733,-0.023795575,0.999713361,0.002633205,-0.065078646,0.59071523,0.01193538,0.806791842,3.76743412,2,14.530618012032,0.932318234283362,16.9514219498607,1.96582364465656,2.20555823546833,16.9514219498607,4.78128171659582
2.490144,0.806529164,0.020753549,-0.590829968,-1.723819733,-0.023795575,0.999713361,0.002633205,-0.065078646,0.59071523,0.01193538,0.806791842,3.76743412,1,3.25814371270961,0.986618886832339,9.1926895468278,1.45607982286403,2.09311474536704,9.1926895468278,5.84950966439881
2.490144,0.806529164,0.020753549,-0.590829968,-1.723819733,-0.023795575,0.999713361,0.002633205,-0.065078646,0.59071523,0.01193538,0.806791842,3.76743412,20,-7.30153345207945,0.770852991795118,9.75250076923077,2.0688634158997,1.61371346440176,9.75250076923077,0
2.59362,0.773868799,0.023764117,-0.63289994,-1.91590786,-0.026867513,0.999628067,0.004682173,-0.068991892,0.632775784,0.013381058,0.774219453,3.9322052,1,3.7845281832685,0.989305885357668,8.7562021294964,1.43647587046987,2.09279674232248,8.7562021294964,6.60848400612107
2.59362,0.773868799,0.023764117,-0.63289994,-1.91590786,-0.026867513,0.999628067,0.004682173,-0.068991892,0.632775784,0.013381058,0.774219453,3.9322052,20,-6.99120393969449,0.743268146249789,9.75250076923077,2.0688634158997,2.12403310699036,9.75250076923077,3.01087298818808
2.697329,0.737821877,0.023034316,-0.67460233,-2.125691891,-0.02616279,0.999642491,0.005518216,-0.071235351,0.674488246,0.013578019,0.738160729,4.099609375,1,4.1195941921881,0.951302017414444,7.923906875,1.38958659434596,2.00593548699941,7.923906875,8.65897725723056
2.697329,0.737821877,0.023034316,-0.67460233,-2.125691891,-0.02616279,0.999642491,0.005518216,-0.071235351,0.674488246,0.013578019,0.738160729,4.099609375,20,-6.57053504512822,0.743268146249789,9.75250076923077,2.04127857035437,2.52401336739763,9.75250076923077,4.05624289662684
2.80089,0.698234022,0.018625746,-0.715627253,-2.344467163,-0.019760961,0.999782026,0.006740814,-0.071000054,0.715596795,0.009434816,0.69844985,4.267415047,20,-5.95677223174465,0.757060569022453,9.75250076923077,1.98610887926371,2.70331486344227,9.75250076923077,5.92807876388142
2.904641,0.655124009,0.015114671,-0.755370259,-2.581110477,-0.014748927,0.999865174,0.007215344,-0.068335652,0.755377471,0.006413952,0.655258656,4.430956841,20,-5.29473593865674,0.77774920318145,9.75250076923077,1.91714676540039,2.78606940007826,9.75250076923077,6.38412616856004
3.008248,0.610664368,0.014742007,-0.791752338,-2.842139244,-0.012161287,0.999883354,0.009237513,-0.067711964,0.791796207,0.003987704,0.610772491,4.575939655,20,-4.62528732613593,0.77650480445636,9.736896768,1.85899791099083,2.80915239883059,9.736896768,6.46318876965493
3.008248,0.610664368,0.014742007,-0.791752338,-2.842139244,-0.012161287,0.999883354,0.009237513,-0.067711964,0.791796207,0.003987704,0.610772491,4.575939655,34,-9.26776614400193,0.879096138417414,14.6640011566265,1.63834041687055,2.11532560152906,14.6640011566265,0
3.112001,0.563104212,0.015215511,-0.826245785,-3.116172075,-0.009745667,0.999883235,0.011771205,-0.064908519,0.826328456,0.001423901,0.563186765,4.707138062,20,-3.93225865825602,0.764725384547144,9.67497691573927,1.80612762947352,2.75023979942558,9.67497691573927,6.70717030802996
3.112001,0.563104212,0.015215511,-0.826245785,-3.116172075,-0.009745667,0.999883235,0.011771205,-0.064908519,0.826328456,0.001423901,0.563186765,4.707138062,34,-8.17899561380315,0.858357652127913,14.6640011566265,1.59686344429154,2.13606408781856,14.6640011566265,10.495773825148
3.215751,0.511693716,0.015889188,-0.859021008,-3.410080433,-0.007723793,0.999873638,0.013893682,-0.062824413,0.859133244,-0.000474409,0.511751771,4.835926056,34,-7.08352559038674,0.814917024069227,14.6287511538462,1.51027029360678,2.0481747817407,14.6287511538462,10.5725064527307
3.215751,0.511693716,0.015889188,-0.859021008,-3.410080433,-0.007723793,0.999873638,0.013893682,-0.062824413,0.859133244,-0.000474409,0.511751771,4.835926056,20,-3.24442841450923,0.75949217963259,9.52356882629108,1.7374567504044,2.66679408201606,9.52356882629108,6.78859624723521
